1.8459849024769828
1.8216423965994437
1.7140649453186276
1.8107488666282827
1.6983641352898715
1.7193387542144776
1.6141708056657411
1.6512276904824423
1.6750410443953077
1.6376508251808912
1.5467636108248102
1.5106489676793378
1.5901278309428937
1.5795086450114213
1.5097889435484544
1.5081025218525625
1.3405935786556358
1.4195025521401607
1.447298582778434
1.3201762423625865
1.2986420899722741
1.314743170119757
1.4259417898565154
1.1426036575209653
1.2996907532219921
1.3007999181504146
1.2447273542653818
1.1725020750398958
1.1122198708030986
1.0422389624632862
1.1729552770706726
1.2516084346621517
1.2059484152245101
1.0490052931034324
0.9611899499555727
1.0329515222920647
1.0966816026808666
0.9170139381122677
0.9444005549718244
0.9136321318331175
0.7441634922500882
0.7745226046735614
0.9649317009982695
1.053642478029883
-0.07067363806206506
0.030453542657909446
0.02286853949694492
-0.08027467410512987
-0.0956773913510444
-0.08224767043669587
0.011874096562074232
0.11580084487120147
0.09429338819759321
0.036498122036211465
0.10012253797272815
0.0004317792600088293
-0.06328062770256299
-0.06333261738700739
-0.049104525979069745
-0.02979247744280753
0.008962473503436834
0.02415719020028343
-0.15327042160134208
-0.17129528756632278
-0.12619389292589164
-0.03444993462142483
-0.11015744449623179
0.004578181178963747
-0.06386671302681905
0.03554838773369089
0.11194436740642831
-0.03298031041477422
0.04052575561863407
0.0716905938498781
-0.09461376094162831
0.06544020317069417
-0.0933334275101733
0.05803673649518522
-0.00960562865913238
0.1040823152060262
-0.03499522180525094
-0.019952589665307007
0.01089140100276072
-0.08587909489196455
-0.054531484876604204
0.11038137255282708
0.15014012687686576
0.2262555356517695
0.3330186171586294
-0.06579499846970441
0.06487166117013952
0.04510841615045586
-0.008000773473221123
0.07853517576016776
0.1727067127211528
0.20441576922917143
0.249775233937447
0.014496510031936334
0.2566663936411424
0.1492005641548479
0.1591825324869172
0.42291661642363604
0.41456481612949025
0.1126238612999158
0.058509715885622766
0.09119435221415403
0.4752685923909512
0.47864623287734914
-0.011446648228563774
0.42484135264028494
0.5283807695936
0.41023247562204274
0.5405446013065274
0.14899352831843077
0.3378443845187025
0.2856998555620782
0.2922866393658324
0.7362356446175051
0.9152598881112914
0.8968519883671007
0.5366190455589293
0.9811296705264687
0.7579873090335104
1.44453049912753
0.6835343590282947
0.9583296187443276
0.7974859563377367
1.1643592552026287
1.0086415831480375
0.7249997087276837
1.066389202221182
0.38298730984573004
0.0038970884432552822
-0.03807092613716616
0.046739997683662236
0.04798035330587743
-0.009289527611688555
0.07317181914671878
0.030072463226958543
-0.023091823480967333
0.10840410941900822
0.03046418235286223
0.03707242033892124
-0.04470480778231518
-0.08495727709950968
-0.07757639921512428
0.0010193361786003624
-0.0932274762322894
-0.09855827537582044
0.0189210427718625
-0.06839226900387999
-0.022502635763786808
-0.011565742313986209
0.06803097604030657
-0.0060747909033651
-0.03349986788999984
0.0523550707951764
-0.0038822580553483886
-0.01670304598481138
-0.17034067529255512
0.019386590580108734
0.05135416873933664
0.028104934111687397
-0.01461018040715148
0.11749866018730007
-0.06443181600138152
0.021931979725828905
0.14922862644775273
0.009333712702653938
-0.0036858773031060786
0.07606965825390236
0.0016988688638852932
-0.010365863495501625
-0.23008761471274725
0.3043958382245846
-0.13082364620892503
0.10160701287975418
-0.08441246360244221
-0.06996031144498324
-0.0071298547554081325
0.05980284591861591
-0.035900217864400286
0.05548229806827459
0.007002997833028135
-0.017318622534269475
-0.0011091807246107561
0.012107081100785974
-0.0011834399023851472
0.06233976044927744
0.0054939794956641004
0.031719153769700414
0.0765702407666374
-0.10339382280701008
0.08734168657586817
0.07383173346838615
-0.01283642066686735
-0.05601333778183697
-0.018771894612242754
-0.07023879721853736
0.023765704677996116
0.008443404155374055
-0.07024100454809666
0.059232544005098274
0.0623311365292295
0.02016077554253637
-0.07627642464513923
-0.08312224950860193
0.04808194875367579
-0.011970217751569147
-0.04571964917314104
0.1425199247836518
-0.10378803765691816
-0.09843068716243233
-0.025691797749032137
-0.03320605284276183
-0.059738723488997315
-0.02895207673125552
-0.02656623726654524
0.07656048646810937
0.049342723604555785
0.015108617131226104
-0.01892194021494289
-0.12368099410132606
-0.11091997747674238
-0.08996086943493138
-0.0034563613461581198
0.03048191720169708
-0.017275866964229565
-0.0710878038660779
0.03274458209036407
-0.08839539076055157
0.038502612881356535
-6.793951289676151e-05
0.10560199135587878
-0.03745073539851834
-0.11321146848497332
0.06372074528115894
0.03212890502527058
-0.03719356977571348
-0.0677211650127589
0.06875550963921176
-0.0698398739095395
-0.08743416504121417
-0.07938639109659981
-0.02602539024272303
0.10782857178756083
-0.03112575161238929
0.02453662819927363
-0.06871510976453447
0.046540324574215974
-0.04775262799268244
0.07343753797299159
0.0002953155556889727
-0.023907247796367652
-0.03577656999788723
0.17395432509909523
-0.04981477695259977
-0.02707844773536732
0.1613546614750816
-0.11365271831126157
-0.02049332997341244
0.1844725058351554
-0.06029056303701157
0.16434350300388167
0.059354796006793484
-0.09596024588069504
0.03405495763133453
0.07379855626805971
-0.0388829319945848
-0.0010897824179164186
-0.0023710258813028563
-0.006115082293216921
0.09136850412287666
0.00505080073945928
-0.005599922121552434
0.027828011300415147
0.03991529616048389
-0.007925809077346966
0.10118529035922193
0.0550093227964053
0.002969660797624217
-0.05413993817173959
0.08164248682651988
0.0008282541894853324
-0.1114744771398011
0.05215822584462003
-0.04235378746327952
-0.13045390500341533
-0.05800745945597436
0.006650712579018804
0.0037215537944992887
0.09663107683787954
-0.054233841777097724
0.05051863683011166
0.033189954487915146
0.02353475288189691
0.09904354589929022
0.060911760594201794
0.14649336880765051
-0.021552697143120945
-0.0716723545619973
0.02244993342969343
0.012237031425821169
-0.07000547645125958
-0.16889583453181628
-0.09057493271609493
0.019238418433534053
0.011699403567860128
0.0719784559598664
-0.05371718515369995
0.02597837054493496
0.1443703104933094
0.024718640585952696
-0.035078210736804546
-0.0019745870883541754
0.01402996457809658
0.023645404298000383
0.0972229305842138
0.0900464550233584
0.09143358901047617
0.05644923504405811
0.02371154344485856
0.01685257786204074
-0.006099696105745083
-0.13369311225677366
0.021580163537629957
0.21773538589175673
-0.15056608747698677
0.01816281523294744
-0.0972261091603528
-0.11666172101920515
-0.10351068083580328
0.026027845450296006
-0.030625206979831076
0.058914550743793856
-0.10304162492168187
-0.03753086725234056
-0.007268813969621374
-0.03548412203360403
0.06559181160535632
-0.059216233850511335
-0.0701872550694737
0.014251790057154472
0.016361424102961784
-0.04068633962175194
0.1044839741669212
0.07138147923821911
-0.0034757667031763417
0.09615277593663006
-0.11360637847536419
-0.031349937527464726
0.055339223973812184
1.391386
1.555321
1.689121
1.851199
1.977118
1.953116
1.963696
2.047417
2.020306
2.075995
1.994516
1.964547
1.853951
1.812075
1.755834
1.623343
1.581377
1.496741
1.408431
1.4196
1.3661
1.240638
1.153462
1.081185
1.018985
0.9804072
0.9940931
0.8908269
0.877141
0.869676
0.7838281
0.7241079
0.6643876
0.6419926
0.6954919
0.5972024
2.587877
2.006849
1.597516
1.178231
0.9381054
0.7552122
0.6133766
0.4590993
