2.614929721579285
2.662378767724053
2.6497852119521723
2.6590434783412746
2.639212223748637
2.623162923939063
2.566500257365937
2.5258816292516473
2.3540985282634654
2.1613437973522585
2.0101685951613595
1.8377558579637046
1.9211745957196926
1.8710763232378598
1.713163038668717
1.596684860670211
1.4060491433447497
1.381012824660378
1.3453931231768197
1.0503381233820002
1.1777444847510812
1.0162696794104
1.2219012654652228
0.86994434002304
0.9123339940263516
0.9629231905857948
0.8499324238357815
0.7385105163693674
0.5543054712358612
0.49920659615056967
0.5408613101990474
0.6527402068488566
0.8071534622356753
0.2860614755294525
0.36460557758631823
0.40706650392373644
0.5424328806265892
0.2708372427697235
0.38461321411247573
0.3144124898434585
0.3282446020816748
0.30835280846348045
0.43542670174558373
0.7268726656107809
-0.12838993829141815
0.017395305677799438
0.0338191580589852
-0.004333559720420423
-0.08321585880937822
-0.02017208624425101
0.0024170985246420133
0.08691915057899809
0.03645143672041455
0.07661137674783862
-0.0006966197803407746
-0.13439849356479533
0.003352941763144796
-0.002204567837815398
-0.0768843354456193
0.059974462879371554
-0.002620836742332079
0.047627041951976576
-0.049646514719410124
-0.12322632804027613
-0.1276438705392173
-0.05885675439448383
-0.13026771152034847
-0.019024158127690538
-0.07735151975176416
0.02848599099286622
-0.017281349698847964
0.02012370548440744
0.0033398376110328914
0.02383421920693132
-0.049660461548279716
0.028806568577780616
-0.04609953612482098
0.023598136261552015
0.06629622692690236
-0.13528602946128915
-0.03260191004260603
-0.05089177701383313
0.12637510090618695
-0.0008378381300107058
-0.06410238830138196
0.04839994580545648
0.19395544204351922
0.27395824509868166
0.1114460605441173
-0.5687861804568504
-0.3730992224828403
-0.6163878514740435
-0.9263004459507508
-1.1103098804796272
-1.47101861096813
-2.1166936878939637
-2.491604077338478
-3.3535122517824902
-3.1180939206296125
-3.403788522826855
-3.644562755891067
-3.833958970530362
-3.493758529521341
-3.7270451816783225
-3.43941758333408
-3.4907781889417087
-3.4303226129606497
-3.373417380065693
-3.457787065560287
-3.0609860477161632
-3.1268469881891714
-2.941118777663251
-2.7779687701690374
-2.8965528829298313
-2.652986434355098
-2.990776532553233
-2.7139915436316744
-2.5507154488348642
-2.3983149411245273
-2.120807051772125
-2.122412491754553
-2.006851319262497
-1.8281159176924964
-1.5348372269524635
-1.8666916123106754
-1.353055402724074
-1.3322669192132306
-0.8603502568340883
-0.8506984694911861
-0.9192218417906433
-0.6573010832527586
-0.9124171526564689
-0.004441395795639918
-0.0028648439691403276
0.03381606848701902
0.0594475076307397
-0.0187244931069121
0.07418652794981462
-0.048823025259071375
-0.06515071328141045
0.16370563256276677
0.0497476885015379
0.01887049382622054
-0.05069243291904847
-0.0029515854932677626
-0.014150806353080789
-0.06298033752849555
-0.016124981508144984
-0.09259320782703814
0.035403743753275846
-0.09231352379347109
0.06427143383235429
-0.09135021714804206
0.007294927325110874
0.032862828319720906
0.05031860789425817
0.005999190621980096
-0.06150155009171146
-0.08623453129988692
-0.05680231425795512
0.010469529732918266
-0.020836875431182563
0.08350138771852823
0.1645158223355609
0.03017443070025768
-0.0345046357724928
0.06216993037704897
0.005888471262347408
-0.00467805492010307
-0.0006055143584290428
0.0474609348446795
0.02264986173154648
-0.07899703276904736
-0.12478248980254228
0.051285021663794554
-0.08780691674431315
-0.002472768583343908
-0.061880861256926385
-0.09890928062205391
0.015554048106254293
0.06029452492397632
0.07223122465374522
0.00982909413391711
-0.002509861431460213
-0.05904374737114227
-0.05390403028532288
0.005400398134542301
-0.003167024352023888
0.054635710250995756
-0.05908238227704039
0.16411529865268937
0.15771161938988593
-0.12289730544927445
0.15400057250069235
0.08352671930517801
0.04888934150969803
-0.04510022317118056
-0.07465104183527026
-0.07919948327061634
0.12131614624386103
0.01685650335737379
0.007491464589645759
0.16863736205700403
0.1486733933862468
0.0027738954837654094
-0.07985213405692868
-0.09973990859682187
0.03381696181462268
-0.011489150802391162
0.10654119510057708
0.2084358732578116
-0.27886537731773153
-0.08342535441240252
0.007648544753525727
-0.016229429182005133
-0.05203626016090054
-0.04091736149642227
-0.052972238199907394
0.08641433630125848
0.06049577352688753
-0.0964631973509006
-0.005387376259989362
-0.10940769640007092
-0.13036812482142543
-0.04829823036431955
-0.10357969836720128
0.021043605851819237
0.029700508696819856
0.013718325244132811
0.03973431502571303
-0.07336639212679866
0.0718723219862897
-0.05396724654789786
0.2046995692654968
-0.06551078577637912
-0.05833130199795969
0.17374406972071596
0.14718580800161074
-0.16060634731081658
-0.16512547978022957
0.06862915962577221
-0.1611258511108953
0.03262009415197997
-0.14669447644455225
-0.06975642406424389
0.19373778998702448
-0.06818034073750441
0.056436922831688136
-0.04699303770489686
0.1984982138218626
-0.019147715506631222
0.00015668944148724875
-0.0026485774518178328
-0.04659943318523108
-0.10169988503816992
0.14784124679045424
-0.04709738155779877
-0.04974554090217239
0.1935466469390315
-0.12247415094800199
-0.03579934307004925
0.20802084207005292
-0.10941350807239504
0.21717822786995022
0.10695448884428042
-0.15617079519677796
-0.006729002339534413
0.15338621298016333
-0.03195773202189628
-0.030415552290832367
0.015351896755948873
0.12073971350258299
0.10972950179636404
-0.04278810626445803
-0.1074336896319276
0.06471649852892525
0.10554273613152397
0.020755931965414334
0.2080523342630144
0.1322201382333922
0.05800621305099126
-0.08496827421851685
0.07624019984718877
-0.03940249622548127
-0.107008264487316
-0.017554769997733966
-0.1733440415542543
-0.3003973079488268
-0.018680878294764114
0.06751312725297468
-0.07687397225416319
0.09259535116585682
-0.059509001037670456
0.04268121677974008
0.10469011092631351
0.08905148038504469
0.17056746426499605
0.08994049717153893
0.1769618430060581
-0.07777317895753626
-0.09902487477570181
0.03922099772646328
-0.01955938080603362
-0.10377007333633234
-0.21526941026549334
-0.11462051660501955
0.04876884472788837
0.016724551261868725
0.11402404607788476
-0.0519371890376244
0.027890595996015205
0.1854118565189772
0.0503574278357724
-0.10631356132440575
-0.03711705498948831
0.00312015691401128
-0.0052236369935508885
0.2300482753087933
0.1615273361706813
0.12482608747641924
0.09450522715163077
0.02922226804903124
-0.033844508095283596
-0.01181979438106406
-0.1945746775782197
0.032215008044745336
0.3731646552882463
-0.21967096986561852
0.044737241046743634
-0.09706788384966496
-0.19666923651974125
-0.10781878372642939
0.02151740935240289
-0.019274609241967285
0.10178285845974357
-0.19154969183077944
0.019469835436661198
-0.009464721934379252
0.04196336449133702
0.08350952778497722
-0.13694670299278663
-0.09534559311620153
0.050021300231215364
-0.06435330219752239
-0.024390614768388198
0.09445977014428854
0.08977848222217034
-0.009208162895233312
0.1328348588480914
-0.135552265723986
-0.03571133765894872
0.04881649962681736
1.021595
1.119861
1.167653
1.268778
1.283544
1.259929
1.182344
1.188184
1.107313
1.107745
1.001586
1.030174
0.9704539
0.8689924
0.8809274
0.8386423
0.851039
0.8186677
0.7377938
0.7502355
0.7912932
0.6795166
0.6520608
0.6046674
0.5884932
0.5847607
0.6108883
0.5225521
0.5449472
0.5250404
0.4503901
0.4503901
0.413065
0.3919141
0.4541226
0.3570773
1.724422
1.378542
1.143394
0.84106
0.6930036
0.5909815
0.4653202
0.3670306
